image: real.pgm
resolution: 0.050000
origin: [-12.898947, -12.109856, 0.000000]
negate: 0
occupied_thresh: 0.65
free_thresh: 0.196

